[gd_scene format=3 uid="uid://bay5gtnbwjn2i"]

[ext_resource type="Script" uid="uid://b1i6e82ovwrg7" path="res://scripts/single_paper_fake.gd" id="1_04ay1"]
[ext_resource type="Texture2D" uid="uid://chiw63tw88mdn" path="res://assets/sprites/stamp.png" id="2_rer6u"]
[ext_resource type="Texture2D" uid="uid://c43jpbnwo6rjw" path="res://assets/sprites/paper2.png" id="3_1rxdt"]
[ext_resource type="Texture2D" uid="uid://y85cend3xmfw" path="res://rolloj/paperPlaceholder.jpeg" id="5_a6tfd"]
[ext_resource type="FontFile" uid="uid://shcov8h7agto" path="res://assets/fonts/Cinzel-VariableFont_wght.ttf" id="6_3rpd1"]

[sub_resource type="ViewportTexture" id="ViewportTexture_da8e4"]
viewport_path = NodePath("MainText3Dscene")

[sub_resource type="ViewportTexture" id="ViewportTexture_ncu1h"]
viewport_path = NodePath("YesNo3DScene")

[node name="SinglePaper" type="Node2D" unique_id=407088929]
script = ExtResource("1_04ay1")
stamp_texture = ExtResource("2_rer6u")

[node name="PaperSprite" type="Sprite2D" parent="." unique_id=1342278904]
clip_children = 2
position = Vector2(-120, 0)
texture = ExtResource("3_1rxdt")

[node name="MainText" type="Sprite2D" parent="PaperSprite" unique_id=1828836065]
position = Vector2(404, -4.9999924)
rotation = 0.35762757
scale = Vector2(1.1311156, 1.2284082)
skew = 0.076794505
texture = SubResource("ViewportTexture_da8e4")

[node name="YesNoText" type="Sprite2D" parent="PaperSprite" unique_id=1125751565]
position = Vector2(297, 176.99998)
rotation = 0.44556993
scale = Vector2(0.8957612, 0.97281003)
texture = SubResource("ViewportTexture_ncu1h")

[node name="StampContainer" type="Node2D" parent="PaperSprite" unique_id=522150222]

[node name="WholePaperArea" type="Area2D" parent="." unique_id=374693915]

[node name="CollisionPolygon2D" type="CollisionPolygon2D" parent="WholePaperArea" unique_id=880626576]
polygon = PackedVector2Array(207, -295, -175, 234, 264, 423, 521, -251)

[node name="MainText3Dscene" type="SubViewport" parent="." unique_id=1234049101]
own_world_3d = true
transparent_bg = true
size = Vector2i(587, 750)

[node name="Node3D" type="Node3D" parent="MainText3Dscene" unique_id=479149260]

[node name="Sprite3D" type="Sprite3D" parent="MainText3Dscene/Node3D" unique_id=2114441493]
transform = Transform3D(0.19, 0, 0, 0, 0.18815093, 0.026442893, 0, -0.026442893, 0.18815093, 0, 0, -0.008358151)
visible = false
texture = ExtResource("5_a6tfd")

[node name="Camera3D" type="Camera3D" parent="MainText3Dscene/Node3D" unique_id=307116655]
transform = Transform3D(0.98828983, 0.06078071, 0.13996051, -0.033341624, 0.98109585, -0.19062886, -0.14890122, 0.18373005, 0.97163355, 0.18952048, -0.12576038, 0.72714365)

[node name="Label3D" type="Label3D" parent="MainText3Dscene/Node3D" unique_id=562579402]
transform = Transform3D(1, 0, 0, 0, 0.99026805, 0.1391731, 0, -0.1391731, 0.99026805, 0, 0, 0)
pixel_size = 0.0017
modulate = Color(0.2509804, 0.14509805, 0.007843138, 0.32156864)
font = ExtResource("6_3rpd1")
outline_size = 0
autowrap_trim_flags = 64

[node name="YesNo3DScene" type="SubViewport" parent="." unique_id=2004206022]
transparent_bg = true
size = Vector2i(587, 750)

[node name="Node3D" type="Node3D" parent="YesNo3DScene" unique_id=1276823562]

[node name="Sprite3D" type="Sprite3D" parent="YesNo3DScene/Node3D" unique_id=722939253]
transform = Transform3D(0.19, 0, 0, 0, 0.18815093, 0.026442893, 0, -0.026442893, 0.18815093, 0, 0, -0.008358151)
visible = false
texture = ExtResource("5_a6tfd")

[node name="Label3D" type="Label3D" parent="YesNo3DScene/Node3D" unique_id=1723549068]
transform = Transform3D(1, 0, 0, 0, 0.99026805, 0.1391731, 0, -0.1391731, 0.99026805, 0, 0, 0)
pixel_size = 0.0017
modulate = Color(0.2509804, 0.14509805, 0.007843138, 0.32156864)
text = "                                   "
font = ExtResource("6_3rpd1")
outline_size = 0
autowrap_trim_flags = 64

[node name="Camera3D" type="Camera3D" parent="YesNo3DScene/Node3D" unique_id=823826681]
transform = Transform3D(0.98828983, 0.06078071, 0.13996051, -0.033341624, 0.98109585, -0.19062886, -0.14890122, 0.18373005, 0.97163355, 0.18952048, -0.12576038, 0.72714365)
